19,103
46,103
9,46
46,73
12,46
9,103
73,103
12,103
5,50
5,49
5,35
4,5
49,50
35,50
3,6
6,85
1,87
1,98
7,87
87,98
81,87
14,87
7,98
81,98
14,98
10,20
9,10
60,90
49,90
4,90
90,99
48,101
36,60
60,61
36,61
23,78
25,63
63,78
25,84
78,84
25,92
25,78
78,92
10,20
9,10
19,20
19,20
9,10
9,13
10,13
10,20
13,20
19,20
23,93
84,93
92,93
23,93
84,93
92,93
7,32
18,34
33,34
21,35
18,34
2,3
18,41
8,17
9,46
72,73
46,73
12,46
35,50
49,50
8,52
28,52
38,52
39,52
53,54
3,55
19,20
20,57
24,57
56,57
19,57
57,73
12,57
57,72
72,73
40,58
36,61
36,60
60,61
36,60
35,50
16,45
11,45
30,67
58,68
53,68
72,73
19,20
10,20
20,74
19,20
4,74
71,74
10,74
72,74
12,74
19,74
30,67
15,67
69,77
79,80
54,79
58,79
71,79
53,79
54,58
53,54
62,63
24,62
62,92
84,93
92,93
23,93
83,85
21,35
21,86
49,86
35,86
4,86
21,89
21,88
21,35
4,89
4,88
60,89
60,88
36,60
88,89
36,89
35,89
36,88
35,88
68,80
53,68
58,68
53,54
54,58
84,91
24,91
91,92
23,91
63,91
62,92
32,62
24,62
62,63
25,92
24,25
25,84
25,63
84,93
92,93
33,95
56,59
59,96
59,96
36,60
53,54
54,58
56,70
99,100
65,99
3,100
65,100
3,65
48,101
1,48
68,80
53,68
58,68
53,54
54,58
42,80
13,42
42,68
42,58
68,80
58,68
94,95
18,41
18,34
33,34
83,85
30,83
30,67
15,67
68,80
53,68
9,40
23,40
12,40
40,72
38,40
54,58
56,59
32,62
7,32
92,93
73,78
19,20
20,78
78,101
76,78
19,78
30,52
74,86
33,95
94,95
36,60
34,89
84,89
46,89
67,98
22,102
15,102
29,102
66,102
50,91
100,103
11,100
11,103
