[0, 40, 14]
[0, 40, 15]
[0, 10, 42, 47]
[1, 54, 19]
[1, 54, 41]
[1, 27, 17]
[1, 27, 26]
[1, 36]
[1, 28]
[10, 29]
[11, 51]
[12, 33]
[13, 54, 57, 41]
[14, 33, 37, 16]
[14, 33, 37, 34]
[14, 33, 37, 40]
[14, 33, 37, 43]
[14, 33, 50, 16]
[14, 33, 38, 16]
[14, 33, 38, 43]
[14, 52, 38]
[14, 52, 40]
[14, 24]
[15, 45, 18, 24]
[15, 45, 59]
[15, 55]
[16, 20, 50]
[16, 20, 38]
[17, 27, 25]
[17, 22]
[17, 31]
[18, 45, 51, 29, 21]
[18, 45, 51, 29, 24]
[18, 20]
[2, 42, 10]
[2, 44]
[2, 61]
[20, 28, 47]
[20, 36]
[20, 44, 38]
[21, 45, 37]
[21, 33, 37]
[23, 51, 45]
[23, 36]
[25, 27, 26]
[28, 30, 47]
[29, 35]
[29, 52]
[29, 43]
[3, 8, 59]
[3, 14]
[30, 47, 42]
[32, 60]
[34, 49]
[34, 44]
[36, 37, 40]
[36, 39]
[36, 59]
[37, 61]
[38, 58]
[39, 57]
[4, 51]
[42, 50]
[43, 53]
[43, 46]
[45, 51, 50]
[46, 49]
[48, 57]
[5, 57, 9, 13]
[5, 56]
[51, 55]
[53, 61]
[6, 57, 13, 17, 9]
[6, 57, 13, 54]
[6, 56]
[7, 19, 54]
[7, 19, 30]
[7, 40]
[7, 27]
[8, 59, 45]
[8, 20, 28]
[8, 37, 45]
[9, 13, 57, 41]
[9, 13, 32]
