0,23
1,103
1,105
1,109
1,25
1,33
1,37
1,45
1,89
10,107
103,105
103,109
105,109
110,114
16,104
16,41
18,34
19,30
19,35
21,111
22,108
22,78
25,103
25,105
25,109
25,33
25,37
25,45
25,89
28,50
29,30
29,79
29,94
3,74
30,35
30,79
30,94
33,103
33,105
33,109
33,37
33,45
33,89
35,94
37,103
37,105
37,109
37,45
37,89
4,9
41,104
41,93
45,103
45,105
45,109
45,89
46,110
46,114
46,49
46,53
46,67
46,73
46,83
46,88
48,86
49,110
49,114
49,53
49,67
49,73
49,83
49,88
5,84
51,68
51,78
53,110
53,114
53,73
53,83
54,71
54,99
55,79
67,110
67,114
67,73
67,83
68,78
7,77
71,99
73,110
73,114
73,83
73,88
78,111
79,94
8,22
83,110
83,114
83,88
88,110
88,114
89,103
89,105
89,109
9,23
9,41
94,101
