[0, 23, 16, 4, 104, 41, 9, 93]
[0, 23, 90]
[0, 33, 1]
[0, 65]
[0, 35]
[1, 33, 37, 103, 25, 89, 105, 109, 45]
[1, 101]
[1, 57]
[1, 27]
[10, 102, 72, 74]
[10, 102, 72, 107]
[10, 102, 98, 107]
[10, 72, 81, 107]
[10, 60]
[100, 102]
[102, 103]
[11, 90, 50, 69, 24, 28]
[11, 104]
[12, 38, 85, 26, 43, 14]
[12, 38, 18]
[12, 17]
[12, 34, 18]
[12, 34, 26]
[12, 36, 18]
[12, 36, 43]
[12, 13]
[13, 106, 60, 39, 15]
[13, 106, 32, 39, 15]
[13, 106, 32, 64]
[13, 100, 32, 39, 15]
[13, 100, 32, 64]
[13, 45]
[13, 110]
[14, 38, 54, 71]
[14, 99, 54, 71]
[14, 99, 85]
[15, 32, 39, 100, 47]
[15, 114]
[15, 68]
[15, 39, 60, 47]
[15, 92, 106]
[16, 104, 41, 67]
[16, 81]
[16, 17]
[16, 38]
[17, 87, 113, 96, 65, 20]
[17, 87, 113, 95]
[17, 87, 62, 20]
[17, 87, 62, 95]
[17, 58]
[17, 27, 96, 65]
[17, 27, 62, 95]
[18, 34, 99, 54, 71, 61, 31]
[18, 34, 42]
[18, 19, 36]
[18, 38, 54, 71]
[19, 35, 30, 101, 55, 29, 94, 79]
[19, 35, 30, 44]
[19, 33]
[2, 64, 6, 60, 106]
[2, 64, 6, 60, 47]
[2, 64, 6, 100, 47]
[2, 64, 13, 106, 60]
[2, 64, 13, 100]
[2, 3, 72, 74]
[2, 14, 15]
[2, 15, 60, 106, 13]
[2, 15, 60, 47]
[2, 15, 100, 13]
[2, 15, 100, 47]
[20, 113, 96, 76]
[20, 113, 70, 65]
[20, 113, 70, 76]
[20, 36]
[20, 21]
[20, 75, 76]
[20, 62, 70, 76]
[21, 111, 51, 68, 108]
[21, 111, 51, 77, 108]
[21, 111, 46]
[21, 32]
[21, 22, 51, 68, 108]
[21, 22, 51, 77, 108]
[22, 23, 78]
[22, 108, 51, 68, 78]
[22, 108, 51, 77, 78]
[22, 47]
[23, 78, 111]
[24, 66]
[24, 84]
[24, 87]
[24, 25]
[24, 110]
[25, 53]
[25, 106]
[26, 43, 42]
[26, 43, 61]
[26, 34, 42]
[26, 34, 61]
[26, 27]
[27, 56, 70, 76, 62, 95]
[27, 56, 70, 65]
[27, 56, 96, 65]
[27, 56, 96, 76]
[27, 63, 65]
[28, 50, 78]
[28, 113]
[28, 38]
[29, 94, 30, 82]
[29, 94, 80, 82]
[29, 94, 80, 79]
[29, 42]
[29, 91, 80]
[3, 74, 52, 102, 72, 40]
[3, 74, 52, 84, 5]
[3, 81, 84, 5]
[3, 81, 72, 40]
[3, 26]
[3, 58]
[3, 11, 5]
[30, 50]
[30, 109, 79]
[31, 99, 85]
[31, 79, 55]
[31, 79, 43]
[31, 32]
[31, 55, 54]
[31, 43, 85]
[31, 43, 61]
[32, 49]
[34, 35, 94]
[35, 92]
[36, 58, 59]
[36, 37]
[37, 105, 80]
[37, 95]
[38, 39, 54]
[39, 82, 100]
[4, 9, 108]
[4, 69, 28]
[4, 5]
[40, 102, 52, 98]
[40, 102, 107, 98]
[40, 102, 107, 72]
[40, 81, 72, 107]
[40, 81, 98, 107]
[40, 51]
[40, 41]
[42, 57]
[42, 63]
[43, 70]
[44, 48, 86, 66, 91]
[44, 48, 86, 66, 75]
[44, 48, 86, 57, 91]
[44, 48, 86, 57, 75]
[44, 112, 66, 91]
[44, 112, 66, 75]
[44, 112, 57, 91]
[44, 112, 57, 75]
[44, 45]
[45, 105, 62]
[46, 49, 114, 83, 67, 53, 88, 73, 110]
[46, 47]
[47, 61]
[48, 86, 66, 75, 92]
[48, 86, 66, 91, 92]
[48, 86, 53]
[48, 86, 57, 75, 92]
[48, 86, 57, 91, 92]
[48, 96]
[48, 49, 53]
[48, 98]
[49, 83, 84]
[5, 84, 81, 98, 10, 107]
[5, 84, 52, 98]
[5, 84, 74, 10]
[5, 11, 97]
[5, 11, 10]
[5, 11, 90]
[5, 97, 98]
[50, 51, 68, 78]
[51, 68, 78, 111, 108]
[51, 101]
[51, 77, 78, 111, 108]
[52, 112]
[52, 53]
[55, 89]
[56, 87, 96, 65]
[56, 87, 62, 95]
[56, 57]
[56, 106]
[57, 112, 75, 92]
[57, 112, 91, 92]
[58, 59, 97, 63]
[58, 114, 88]
[58, 101]
[59, 76, 113]
[59, 76, 66]
[59, 60]
[6, 64, 32, 100, 47]
[6, 64, 32, 106]
[6, 85]
[6, 39, 32, 100, 47]
[6, 39, 32, 106]
[6, 39, 60, 106]
[6, 39, 60, 47]
[6, 55]
[6, 7]
[6, 58]
[60, 71]
[61, 92]
[61, 62]
[63, 97, 112]
[63, 64]
[63, 109]
[64, 111]
[65, 66]
[66, 75, 112, 92]
[66, 75, 76]
[66, 91, 112, 92]
[67, 114, 104]
[67, 68]
[69, 83, 88]
[69, 70, 95]
[69, 91]
[7, 77, 21, 22, 8]
[7, 77, 21, 22, 108]
[7, 77, 21, 111, 8]
[7, 77, 21, 111, 108]
[7, 77, 82]
[7, 77, 73]
[7, 77, 78, 22, 8]
[7, 77, 78, 22, 108]
[7, 77, 78, 111, 8]
[7, 77, 78, 111, 108]
[7, 68, 21, 22, 8]
[7, 68, 21, 22, 108]
[7, 68, 21, 111, 8]
[7, 68, 21, 111, 108]
[7, 68, 78, 22, 8]
[7, 68, 78, 22, 108]
[7, 68, 78, 111, 8]
[7, 68, 78, 111, 108]
[7, 40]
[70, 76, 113, 95]
[70, 103]
[71, 72]
[72, 104]
[73, 74]
[74, 82]
[75, 107]
[77, 98]
[8, 22, 51, 68, 21]
[8, 22, 51, 68, 78]
[8, 22, 51, 77, 21]
[8, 22, 51, 77, 78]
[8, 22, 9]
[8, 41, 9]
[8, 90]
[8, 111, 51, 68, 21]
[8, 111, 51, 68, 78]
[8, 111, 51, 77, 21]
[8, 111, 51, 77, 78]
[80, 85]
[80, 86, 91]
[80, 93, 82]
[80, 93, 91]
[80, 110]
[81, 84, 83]
[81, 82]
[86, 97]
[86, 87]
[87, 104]
[88, 89]
[88, 107]
[89, 99]
[9, 22, 23]
[9, 22, 108]
[9, 64]
[96, 112]
[99, 100]
