0,104
0,16
0,23
0,4
0,41
0,9
0,93
1,103
1,105
1,109
1,25
1,33
1,37
1,45
1,89
10,107
10,81
10,84
10,98
103,105
103,109
105,109
108,111
11,90
110,114
12,26
12,38
12,43
13,106
13,15
14,38
14,85
15,106
15,39
16,104
16,23
16,41
16,93
17,113
17,87
17,96
18,34
18,54
18,71
18,99
19,101
19,29
19,30
19,35
19,55
19,79
19,94
2,15
2,60
2,64
20,113
20,96
21,108
21,111
21,22
21,51
21,68
21,77
22,108
22,51
22,68
22,77
22,78
23,104
23,41
23,93
25,103
25,105
25,109
25,33
25,37
25,45
25,89
26,43
27,56
27,95
28,50
28,69
28,90
29,101
29,30
29,35
29,55
29,79
29,94
3,52
3,72
3,74
30,101
30,35
30,55
30,79
30,94
31,54
31,61
31,71
31,99
32,100
32,39
33,103
33,105
33,109
33,37
33,45
33,89
34,54
34,61
34,71
34,99
35,101
35,55
35,79
35,94
37,103
37,105
37,109
37,45
37,89
39,100
4,104
4,16
4,23
4,41
4,9
4,93
40,102
40,52
40,72
41,104
41,93
43,85
44,57
44,75
45,103
45,105
45,109
45,89
46,110
46,114
46,49
46,53
46,67
46,73
46,83
46,88
47,100
48,57
48,75
48,86
49,110
49,114
49,53
49,67
49,73
49,83
49,88
5,10
5,84
5,98
50,90
51,108
51,111
51,68
51,77
51,78
52,102
52,74
53,110
53,114
53,67
53,73
53,83
53,88
54,61
54,71
54,99
55,101
55,79
55,94
56,62
56,70
56,76
56,95
57,75
57,86
57,91
57,92
6,47
6,64
60,106
61,71
61,99
62,95
65,113
65,96
66,75
67,110
67,114
67,73
67,83
67,88
68,108
68,111
68,78
7,108
7,111
7,21
7,22
7,68
7,77
7,78
7,8
70,76
70,95
71,99
72,102
72,74
73,110
73,114
73,83
73,88
74,102
75,86
75,92
76,113
76,95
77,108
77,111
77,78
78,108
78,111
79,101
79,94
8,111
8,21
8,22
8,51
8,68
8,77
8,78
81,107
81,84
83,110
83,114
83,88
86,91
87,113
87,96
88,110
88,114
89,103
89,105
89,109
9,104
9,16
9,23
9,41
9,93
93,104
94,101
96,113
98,107
