0,1
0,104
0,16
0,23
0,33
0,4
0,41
0,9
0,90
0,93
1,103
1,105
1,109
1,25
1,33
1,37
1,45
1,89
10,102
10,107
10,11
10,72
10,74
10,81
10,84
10,98
102,107
103,105
103,109
104,114
105,109
108,111
11,24
11,28
11,50
11,69
11,90
11,97
110,114
12,14
12,18
12,26
12,34
12,36
12,38
12,43
12,85
13,100
13,106
13,15
13,32
13,39
13,60
13,64
14,15
14,26
14,38
14,43
14,54
14,71
14,85
14,99
15,100
15,106
15,32
15,39
15,47
15,60
15,92
16,104
16,23
16,41
16,67
16,93
17,113
17,20
17,27
17,62
17,65
17,87
17,95
17,96
18,19
18,31
18,34
18,36
18,38
18,42
18,54
18,61
18,71
18,99
19,101
19,29
19,30
19,35
19,36
19,44
19,55
19,79
19,94
2,100
2,106
2,13
2,14
2,15
2,3
2,47
2,6
2,60
2,64
2,72
2,74
20,113
20,62
20,65
20,70
20,75
20,76
20,87
20,96
21,108
21,111
21,22
21,46
21,51
21,68
21,77
22,108
22,23
22,51
22,68
22,77
22,78
23,104
23,111
23,41
23,78
23,90
23,93
24,28
24,50
24,69
24,90
25,103
25,105
25,109
25,33
25,37
25,45
25,89
26,34
26,38
26,42
26,43
26,61
26,85
27,56
27,62
27,63
27,65
27,70
27,76
27,95
27,96
28,50
28,69
28,78
28,90
29,101
29,30
29,35
29,42
29,55
29,79
29,80
29,82
29,91
29,94
3,102
3,11
3,40
3,5
3,52
3,72
3,74
3,81
3,84
30,101
30,109
30,35
30,44
30,55
30,79
30,82
30,94
31,34
31,43
31,54
31,55
31,61
31,71
31,79
31,85
31,99
32,100
32,106
32,39
32,47
32,64
33,103
33,105
33,109
33,37
33,45
33,89
34,35
34,42
34,54
34,61
34,71
34,94
34,99
35,101
35,44
35,55
35,79
35,94
36,43
36,58
36,59
37,103
37,105
37,109
37,45
37,80
37,89
38,39
38,43
38,54
38,71
38,85
39,100
39,106
39,47
39,54
39,60
39,82
4,104
4,108
4,16
4,23
4,28
4,41
4,69
4,9
4,93
40,102
40,107
40,52
40,72
40,74
40,81
40,98
41,104
41,67
41,93
42,43
42,57
42,63
43,61
43,79
43,85
44,112
44,48
44,57
44,66
44,75
44,86
44,91
45,103
45,105
45,109
45,62
45,89
46,110
46,111
46,114
46,49
46,53
46,67
46,73
46,83
46,88
47,100
47,60
47,64
48,49
48,53
48,57
48,66
48,75
48,86
48,91
48,92
49,110
49,114
49,53
49,67
49,73
49,83
49,84
49,88
5,10
5,107
5,11
5,52
5,74
5,81
5,84
5,90
5,97
5,98
50,51
50,68
50,69
50,78
50,90
51,108
51,111
51,68
51,77
51,78
52,102
52,72
52,74
52,84
52,98
53,110
53,114
53,67
53,73
53,83
53,86
53,88
54,55
54,61
54,71
54,99
55,101
55,79
55,94
56,62
56,65
56,70
56,76
56,87
56,95
56,96
57,112
57,75
57,86
57,91
57,92
58,114
58,59
58,63
58,88
58,97
59,113
59,63
59,66
59,76
59,97
6,100
6,106
6,32
6,39
6,47
6,60
6,64
60,106
60,64
61,71
61,99
62,105
62,70
62,76
62,87
62,95
63,112
63,65
63,97
64,100
64,106
65,113
65,70
65,87
65,96
66,112
66,75
66,76
66,86
66,91
66,92
67,104
67,110
67,114
67,73
67,83
67,88
68,108
68,111
68,78
69,70
69,83
69,88
69,90
69,95
7,108
7,111
7,21
7,22
7,68
7,73
7,77
7,78
7,8
7,82
70,113
70,76
70,95
71,99
72,102
72,107
72,74
72,81
73,110
73,114
73,77
73,83
73,88
74,102
74,84
75,112
75,76
75,86
75,92
76,113
76,95
76,96
77,108
77,111
77,78
77,82
78,108
78,111
79,101
79,109
79,80
79,94
8,111
8,21
8,22
8,41
8,51
8,68
8,77
8,78
8,9
80,105
80,82
80,86
80,91
80,93
80,94
81,107
81,83
81,84
81,98
82,100
82,93
82,94
83,110
83,114
83,84
83,88
84,107
84,98
85,99
86,91
86,92
87,113
87,95
87,96
88,110
88,114
89,103
89,105
89,109
9,104
9,108
9,16
9,22
9,23
9,41
9,93
91,112
91,92
91,93
92,106
92,112
93,104
94,101
95,113
96,113
97,112
97,98
98,102
98,107
