1	[0, 16, 65, 35, 4, 23, 104, 41, 9, 90, 93]
2	[0, 33, 1]
3	[1, 33, 37, 101, 103, 25, 89, 105, 57, 27, 109, 45]
4	[81, 98, 102, 72, 10, 74, 107, 60]
5	[100, 102]
6	[102, 103]
7	[50, 69, 24, 104, 90, 11, 28]
8	[17, 18, 34, 36, 85, 38, 26, 43, 12, 13, 14]
9	[32, 64, 100, 39, 106, 13, 45, 110, 15]
10	[39, 106, 60, 13, 15]
11	[99, 85, 54, 38, 71, 14]
12	[32, 114, 100, 68, 39, 60, 15, 47]
13	[106, 92, 15]
14	[16, 81, 17, 67, 38, 104, 41]
15	[96, 17, 113, 65, 20, 87, 58, 27, 62, 95]
16	[18, 34, 99, 54, 38, 71, 42, 61, 31]
17	[18, 19, 36]
18	[33, 19, 35, 101, 55, 44, 29, 30, 94, 79]
19	[64, 2, 100, 6, 60, 13, 14, 15, 47]
20	[64, 2, 6, 106, 60, 13, 47, 15]
21	[2, 3, 72, 74]
22	[96, 113, 65, 20, 36, 21, 70, 75, 76, 62]
23	[32, 51, 68, 21, 22, 108, 77, 46, 111]
24	[51, 68, 22, 23, 108, 77, 78, 47]
25	[23, 78, 111]
26	[66, 84, 87, 24, 25, 110]
27	[53, 25, 106]
28	[34, 26, 42, 43, 27, 61]
29	[96, 65, 70, 56, 27, 76, 63]
30	[70, 56, 27, 76, 62, 95]
31	[113, 38, 28]
32	[50, 28, 78]
33	[80, 82, 42, 91, 29, 94, 79]
34	[82, 29, 94, 30]
35	[81, 3, 52, 102, 72, 40, 74, 26, 58]
36	[81, 3, 52, 84, 5, 74, 11]
37	[50, 109, 30, 79]
38	[32, 99, 85, 43, 61, 31]
39	[54, 55, 43, 31, 79]
40	[32, 49]
41	[34, 35, 94]
42	[35, 92]
43	[36, 37, 58, 59]
44	[80, 37, 105, 95]
45	[38, 54, 39]
46	[82, 100, 39]
47	[4, 5, 69, 28]
48	[4, 9, 108]
49	[81, 98, 51, 102, 40, 72, 41, 107]
50	[98, 52, 102, 40]
51	[57, 42, 63]
52	[70, 43]
53	[112, 48, 66, 86, 57, 91, 75, 44, 45]
54	[48, 66, 86, 91, 75, 44]
55	[105, 45, 62]
56	[49, 114, 83, 67, 53, 88, 73, 46, 110, 47]
57	[61, 47]
58	[48, 96, 49, 66, 98, 53, 86, 57, 75, 91, 92]
59	[49, 83, 84]
60	[81, 97, 98, 84, 52, 5, 74, 10, 90, 107, 11]
61	[97, 5, 11]
62	[50, 51, 68, 78]
63	[51, 68, 101, 108, 77, 78, 111]
64	[112, 52, 53]
65	[55, 89]
66	[96, 65, 87, 56, 57, 106]
67	[87, 56, 62, 95]
68	[112, 57, 75, 91, 92]
69	[97, 101, 58, 59, 63]
70	[114, 88, 58]
71	[113, 66, 59, 60, 76]
72	[32, 64, 85, 6, 39, 55, 7, 106, 58, 60, 47]
73	[64, 32, 100, 6, 39, 47]
74	[71, 60]
75	[92, 61, 62]
76	[64, 109, 63]
77	[112, 97, 63]
78	[64, 111]
79	[65, 66]
80	[112, 66, 75, 91, 76, 92]
81	[114, 67, 68, 104]
82	[83, 69, 88, 91]
83	[69, 70, 95]
84	[82, 68, 21, 22, 7, 8, 40, 73, 108, 77, 78, 111]
85	[113, 70, 103, 76, 95]
86	[71, 72]
87	[72, 104]
88	[73, 74]
89	[82, 74]
90	[75, 107]
91	[98, 77]
92	[51, 68, 21, 22, 8, 9, 41, 90, 77, 78, 111]
93	[51, 68, 21, 22, 8]
94	[80, 85, 86, 91, 93, 110]
95	[80, 82, 93]
96	[81, 82, 83, 84]
97	[97, 86, 87]
98	[87, 104]
99	[88, 89, 107]
100	[99, 89]
101	[64, 22, 23, 9, 108]
102	[96, 112]
103	[99, 100]
