1	[0, 40, 14, 15]
2	[0, 10, 42, 47]
3	[1, 19, 36, 54, 41, 28]
4	[1, 17, 26, 27]
5	[10, 29]
6	[51, 11]
7	[33, 12]
8	[54, 57, 41, 13]
9	[16, 33, 52, 38, 40, 24, 43, 14]
10	[16, 33, 34, 50, 37, 40, 43, 14]
11	[18, 55, 24, 59, 45, 15]
12	[16, 50, 20, 38]
13	[17, 22, 25, 27, 31]
14	[18, 51, 20, 21, 24, 45, 29]
15	[2, 42, 10, 44, 61]
16	[20, 36, 28, 47]
17	[20, 38, 44]
18	[33, 21, 37, 45]
19	[51, 36, 23, 45]
20	[25, 26, 27]
21	[28, 30, 47]
22	[35, 52, 43, 29]
23	[3, 8, 59, 14]
24	[42, 30, 47]
25	[32, 60]
26	[49, 34, 44]
27	[36, 37, 39, 40, 59]
28	[37, 61]
29	[38, 58]
30	[39, 57]
31	[51, 4]
32	[50, 42]
33	[53, 43, 46]
34	[50, 51, 45]
35	[49, 46]
36	[48, 57]
37	[5, 56, 57, 9, 13]
38	[51, 55]
39	[53, 61]
40	[17, 6, 54, 56, 57, 9, 13]
41	[19, 54, 7, 40, 27, 30]
42	[37, 8, 59, 45]
43	[20, 8, 28]
44	[32, 9, 57, 41, 13]
